2.036685777305470525e-04 3.968775116124278936e-04 4.321976061444053347e-04
2.394912434180632816e-04 4.416300611573676749e-04 3.253586558038238275e-04
2.337108714006240321e-04 3.279251624520484109e-04 3.502688095422055027e-04
4.666648623467399039e-04 2.692635518052024970e-04 3.205374892454458300e-04
2.186604074076647301e-04 2.684297535787268595e-04 4.243568160581215505e-04
1.898514397908627398e-04 3.761221325277579208e-04 4.365986306819605507e-04
2.467916717395108065e-04 2.657455814231525276e-04 2.877438155333075787e-04
3.312811596310199385e-04 3.246422904183956983e-04 3.683249566815502830e-04
2.287678698649984728e-04 2.374919598615335111e-04 3.208150554713189552e-04
4.022558337970877601e-04 2.925788777562780244e-04 3.259678545771676887e-04
2.729736033732724373e-04 3.446208426546289801e-04 4.082482828191445669e-04
2.194628566994054472e-04 4.259460662341183596e-04 6.301409844008720772e-04
3.320698707514215366e-04 4.588467477388310893e-04 3.765213657412048954e-04
4.041551574274830595e-04 2.541211649250843876e-04 3.611700095110246850e-04
2.889794474786806008e-04 2.726060096580753904e-04 3.659414573359195673e-04
2.841284644538938299e-04 3.266184567846797246e-04 5.031492129961205682e-04
2.695105319090105298e-04 3.209267599113431305e-04 4.111161054221658959e-04
3.309797775740936179e-04 3.486319717172144681e-04 2.961611969519008323e-04
2.981329458123290073e-04 3.070766431733608012e-04 3.694992031499207347e-04
2.629229409396950439e-04 2.715630978013097501e-04 4.185291852721407320e-04
2.342536448611510450e-04 3.881036999214505985e-04 3.064311660663094879e-04
2.776408533892335789e-04 3.903899301049821744e-04 3.868325134777092847e-04
3.507713328299747824e-04 3.526307556371873061e-04 2.615691798582703829e-04
3.212200480055685866e-04 2.997321303933113651e-04 3.251660731452117267e-04
3.153856117210918617e-04 2.843870909231701835e-04 3.588112004228938886e-04
3.413748761325289139e-04 4.117877035795169060e-04 3.074184092584539524e-04
2.854537302348376243e-04 3.405501821793057229e-04 3.480090839445160330e-04
2.410143279132215125e-04 3.076964712168092685e-04 3.397651042977268242e-04
3.378948452044276468e-04 3.447473191313017455e-04 4.081546452849591292e-04
3.034871808508696699e-04 2.879485027122497052e-04 3.229575870583576737e-04
3.791809412018704137e-04 3.156867086769125897e-04 5.511707748332813272e-04
2.202386653531704147e-04 2.445044868427294761e-04 3.432046185431233531e-04
2.950020911827518251e-04 4.862789076568061961e-04 3.727268832507635255e-04
2.586810522040713868e-04 2.626000003756394472e-04 5.671711063728917179e-04
3.578576349420430069e-04 2.700055522548955420e-04 5.050633812545849083e-04
3.717430955044736954e-04 2.676577193329551015e-04 3.267425082050272518e-04
6.269335060299314815e-04 3.838422277231042781e-04 2.750172721417486568e-04
2.791834995555920020e-04 4.218635769299781523e-04 3.967755152311066213e-04
2.286673099973675089e-04 2.993967023477928850e-04 4.301984006336737141e-04
2.656665270386517758e-04 3.450251830525487024e-04 3.277180141381087698e-04
2.954622263082856129e-04 2.755137929269105084e-04 3.185303145968394387e-04
2.854954689574014251e-04 2.788980814121021288e-04 3.506943837872465307e-04
2.840069308276287389e-04 2.673116192495775083e-04 3.186460848172295861e-04
3.332704596057996932e-04 3.063152373165919798e-04 2.862088252211067614e-04
2.876848125032145762e-04 3.345077319192415783e-04 2.303356199126238883e-04
2.583616323185939441e-04 2.601585431319433086e-04 3.149557477325745430e-04
2.243830580932086117e-04 2.832137089779176477e-04 3.147359893519223418e-04
1.962471919309329320e-04 3.746244140766251439e-04 4.548644397464013758e-04
2.472838644977575569e-04 3.292828294194189657e-04 3.302909819225870332e-04
2.673348673429457143e-04 3.829283042556180317e-04 3.805236647785758446e-04
1.858123032683691464e-04 4.587694624813198809e-04 4.455621675644771463e-04
2.049329172500394681e-04 2.393350550853012002e-04 4.777819131574474287e-04
2.360771033165426412e-04 3.101701290822619353e-04 4.922730845565092498e-04
3.156732820930643869e-04 2.734003521993416089e-04 4.380815719225503299e-04
2.452292319251234945e-04 3.698158076795009263e-04 3.514532179536437374e-04
2.167086706253244506e-04 4.858178787743695033e-04 5.203413660792138287e-04
2.718237963803374108e-04 2.607618588009507428e-04 3.317898984749999432e-04
3.080048821946998472e-04 3.102968094612767601e-04 3.299700723578434178e-04
3.411786421701261895e-04 3.636872636533767080e-04 3.736009676765423312e-04
3.654115270438734980e-04 2.829259711005932825e-04 4.575484573207491451e-04
2.789282631990500213e-04 3.190492802994833997e-04 3.111290882816189897e-04
2.785525936341687304e-04 2.391937250769698043e-04 3.571192564016811171e-04
2.519874530019891763e-04 2.917235832611593397e-04 3.633391756539728788e-04
2.949265525840886635e-04 5.380309889033505887e-04 4.614115718666493625e-04
3.032844601542010032e-04 2.522124870476249721e-04 3.519742463981267435e-04
2.689754816828448885e-04 3.258485672828542647e-04 3.030024213242263451e-04
2.808015459479788387e-04 3.020065866660920167e-04 3.036740005109788798e-04
2.976102520963820369e-04 3.660458754687866676e-04 2.654837790387538682e-04
2.581846218987914228e-04 2.981128903407674830e-04 3.423056315675324806e-04
3.172600760671532086e-04 5.795466438404540521e-04 2.611736760105521846e-04
2.787974448079532817e-04 3.303619449447948737e-04 3.372920404042419593e-04
2.306202658985853876e-04 3.139152056602423141e-04 2.922167822505518050e-04
2.942213926595317890e-04 4.819691776589212179e-04 3.892029761046739275e-04
3.837862804845931807e-04 3.567122640222848522e-04 3.799235310161241399e-04
2.929913059691560315e-04 3.063452041518856857e-04 4.430741186907066298e-04
2.745343986657988299e-04 3.874315220352981116e-04 3.297396500964581197e-04
5.130929024145571829e-04 2.576273500034123392e-04 4.344791374447417166e-04
3.342232956218380187e-04 3.709668953368251590e-04 3.313285468258390411e-04
2.258073305016719437e-04 3.276031452224642494e-04 2.842762932430099258e-04
2.257220331595555371e-04 2.589403455535280499e-04 3.566464357992661541e-04
2.232414919193741036e-04 3.219288469391444929e-04 6.158263629019452385e-04
2.802311121481586872e-04 2.705403548567752526e-04 3.585352839318860815e-04
3.000545016830583338e-04 3.203848129924437662e-04 3.937337298294456907e-04
3.476320147987421554e-04 2.687543458278162625e-04 3.539821674835873016e-04
2.916686004310932185e-04 2.090406999485312821e-04 4.471480125114533758e-04
2.558728545104223609e-04 3.049654297374795203e-04 3.853422718478661016e-04
2.752662730249451849e-04 4.747646230810266847e-04 3.316395951355146548e-04
2.753603129828719799e-04 3.758943768837070122e-04 4.144337240872071528e-04
2.442013781880994776e-04 3.044273353473562929e-04 4.064560838706695505e-04
2.586165097945824489e-04 3.047093176015848556e-04 3.370360924150684668e-04
2.897213592491653007e-04 3.858465364098753584e-04 4.195702934006804562e-04
2.541695847807913348e-04 2.528847872677837194e-04 4.073602207336702230e-04
3.470219112915138584e-04 2.709217805294311578e-04 3.672181555650362150e-04
3.557244764950742168e-04 4.476872395839810704e-04 3.871102415770055500e-04
2.971837802770544660e-04 2.637471332121219913e-04 3.136442386475665734e-04
2.517425126512329910e-04 2.672033899945948691e-04 4.347892144432472178e-04
2.369531383116629374e-04 3.377341991608874506e-04 3.163441706637217942e-04
2.177837703188463200e-04 2.654077698283311836e-04 3.679460984217937359e-04
2.405150854980855641e-04 4.257171790754631069e-04 4.250991266740478960e-04
2.583299381166101775e-04 3.305047728057464444e-04 3.662230481253533052e-04
3.231708040486441368e-04 3.225528266637572340e-04 5.350493481172544303e-04
2.326014751345427173e-04 2.561165174768639027e-04 3.819082668154719822e-04
2.521894685969175019e-04 2.359601123756465324e-04 3.515639641201415188e-04
3.024299433355125155e-04 3.927897919846492993e-04 3.572727179813471772e-04
3.255181234641411014e-04 3.008511889312295851e-04 3.205308709701176111e-04
2.145448170159999909e-04 2.740824956722302938e-04 3.713018241593623258e-04
2.300079687421981492e-04 3.147774196023763078e-04 3.704125542103884955e-04
2.268881673320864332e-04 3.061015102081777106e-04 3.042292655049954209e-04
2.101607937917872185e-04 2.804290648041619363e-04 4.540349629143209482e-04
4.298030495731359384e-04 5.887062159623214150e-04 3.762441782550938704e-04
3.234889745008341167e-04 2.446940069443810498e-04 3.373702868652512024e-04
2.967213695691486202e-04 2.421722065158526753e-04 3.289932166872751914e-04
3.208665127725341239e-04 3.907806144549427871e-04 3.186663489713485644e-04
3.332391079973150150e-04 4.931114617414517846e-04 5.758012986583156603e-04
2.566481248363132700e-04 2.588974509162401223e-04 3.518537660269762876e-04
2.479232253587930327e-04 3.646922639830190490e-04 2.765334255448156160e-04
2.181487666162511784e-04 2.956866444560674783e-04 3.802218091840066697e-04
1.912878036405360894e-04 3.999226339086503815e-04 2.841356855666557751e-04
2.221879947482095774e-04 3.816785233254888334e-04 3.576912067860952334e-04
3.145893541555128516e-04 2.398921083288187205e-04 3.597025724858398136e-04
3.636091535656160419e-04 3.246585759680670441e-04 4.124806044789001568e-04
3.441412216734958678e-04 2.855894518937787370e-04 3.078746367431696657e-04
2.951110275175267508e-04 4.104879193175341688e-04 4.770818660234928490e-04
2.571761062398055463e-04 3.177050892918654003e-04 7.972881694856698027e-04
3.026706272767673133e-04 2.841575116698471680e-04 2.826376136409571374e-04
2.755313893244028234e-04 3.270249952396290767e-04 2.859786558877457996e-04
2.540517255720520229e-04 4.784758683374956733e-04 3.622765679502577591e-04
2.148899351528742001e-04 3.237743506457540035e-04 3.422153477647290579e-04
2.634353325626988024e-04 3.723206191575662407e-04 2.639997980873405223e-04
2.468357076462069223e-04 2.768948302203748922e-04 4.413726652942164073e-04
2.578860327315746974e-04 3.914934290035758011e-04 3.052281175246057145e-04
2.742368606585522065e-04 2.604383276452311392e-04 5.360213874940012108e-04
3.139411454234378672e-04 3.059605563814533653e-04 5.146674687161262524e-04
2.452990567800889692e-04 2.725036099090524648e-04 2.412135800696655285e-04
2.914720708568542150e-04 2.570024157991443459e-04 3.270540615647706591e-04
2.579560122917523546e-04 3.476497791254041180e-04 3.799424286759863932e-04
2.511424202620479696e-04 3.195283571610186093e-04 3.539420403357858660e-04
2.316308183464193594e-04 2.489527544378619390e-04 2.865247984814052592e-04
2.660188165711433036e-04 3.314161658567880606e-04 3.808696608047655498e-04
2.793944520555820157e-04 2.702564084371291927e-04 4.267562807340408095e-04
2.607981068754317011e-04 3.427655977502398516e-04 4.746751377951206148e-04
3.049284655182889475e-04 3.362409249165320010e-04 4.854529051510131019e-04
2.977476837715070873e-04 2.586695842270458098e-04 4.208605410727387025e-04
2.485574579460163931e-04 4.067006897801531541e-04 4.137375773956553354e-04
2.828968454351754635e-04 3.447573396229344366e-04 4.342491845716877361e-04
2.442489374772760622e-04 3.391989781622998298e-04 3.045792689423756114e-04
1.822028796597103227e-04 2.646393199903197759e-04 3.904113549033363874e-04
3.048836473501689002e-04 2.945711403885489126e-04 3.918719742427691026e-04
2.449955072765329757e-04 2.479608698985010288e-04 3.608127657103526683e-04
2.869158469072759167e-04 3.666860025706168073e-04 3.664164861305723169e-04
2.370662783793714445e-04 3.303298488235638744e-04 3.608711460493145909e-04
3.011934598834622588e-04 4.027862497946638242e-04 2.811033315567951977e-04
2.427746885047697071e-04 2.944096832843053090e-04 2.886364246099761325e-04
2.644945611201773871e-04 2.827325105253374483e-04 3.080950045181991121e-04
3.051705624235491465e-04 2.794555710338812726e-04 3.500844714759586613e-04
2.492669503258655218e-04 2.625436019940785115e-04 3.088153765251269310e-04
1.987983873788194277e-04 4.144553756782215926e-04 4.351635059629933660e-04
2.213471498461626525e-04 4.917892270229014175e-04 4.630782617945218929e-04
2.083733674013873137e-04 3.336508914431550845e-04 3.447691252310321197e-04
2.665782396171472585e-04 3.122054310751489620e-04 2.853824987342930535e-04
3.698324404186071885e-04 3.267706441403469002e-04 4.571992438967521712e-04
3.277886876606770175e-04 4.223029261505058382e-04 3.558425119473275608e-04
2.337971770766936923e-04 3.109330252292942390e-04 3.197114387953007425e-04
3.103850404750252315e-04 3.634459181621744377e-04 2.966615524589474428e-04
2.864995150478017263e-04 4.461071275550719225e-04 2.986671376233228587e-04
2.247855352530183368e-04 3.130828275260641750e-04 4.438931013006483712e-04
2.398135505298151109e-04 2.873074104450935406e-04 4.261076077004280699e-04
3.308253573582594980e-04 3.091266462546425815e-04 3.859286726585869887e-04
2.609295686214564204e-04 3.000305904870765109e-04 4.242865424394153353e-04
2.449282542162341063e-04 2.562139325225469555e-04 3.849788339368258577e-04
2.747577705656304944e-04 4.438113125163594807e-04 2.985917352001232349e-04
2.879249226815550782e-04 2.388494106174622491e-04 3.591990472573464068e-04
2.605161928596928128e-04 2.831100627814074513e-04 3.035571882881333292e-04
4.351415867679877679e-04 2.884391615301882942e-04 3.524939592842885614e-04
2.389899367300707335e-04 2.980446098834262265e-04 2.995411004160858847e-04
2.234808068990693658e-04 4.035473835597284975e-04 5.235562031771509930e-04
2.905898913108497851e-04 2.939181515030148324e-04 3.906589170153123712e-04
2.455885753066775487e-04 3.784435460600424068e-04 4.859085549216925377e-04
2.984326013600542061e-04 2.845262203122474014e-04 3.435607305550774488e-04
2.354402938718045313e-04 3.644817760149876161e-04 4.271348626240138529e-04
2.414599242394798373e-04 2.433526102039251598e-04 3.995156946980571357e-04
2.727411760627771603e-04 3.476848583226666446e-04 3.392216237733434265e-04
3.142021493025125983e-04 3.442585647405628090e-04 3.645241308693212613e-04
2.148298068884295115e-04 2.399314224505302905e-04 3.019331889038283953e-04
2.399693103724545226e-04 2.712109023112740111e-04 4.697991154706360022e-04
2.431459968998678624e-04 2.878648491018985815e-04 4.525667388921195849e-04
2.731324279807856715e-04 2.371993446260066906e-04 5.919418221690303560e-04
2.265412179749469012e-04 3.088456038184449258e-04 2.882661190775194591e-04
2.699637070507690789e-04 3.840005831592267012e-04 4.778829507831025341e-04
3.578139539208725342e-04 3.388096600234259161e-04 3.295860613610444856e-04
4.197592583077440270e-04 3.632413178496410170e-04 3.053318990175084356e-04
2.550094703079847200e-04 3.070039491994654211e-04 4.650117255790090225e-04
2.759440829107190070e-04 2.607965801838327681e-04 3.120759493312293869e-04
2.989098192517558789e-04 2.252984300056271310e-04 2.877850565920178389e-04
2.459488563711179640e-04 3.498570826035440895e-04 4.021939737124228284e-04
2.931845947187824574e-04 2.655238283380826269e-04 3.368321286530188106e-04
3.044396609349714019e-04 3.694756960303962104e-04 3.351407418209511224e-04
2.789677272007208921e-04 3.290903398883239018e-04 4.551534042582629030e-04
2.582150885696040776e-04 3.168727713950316707e-04 3.962800732599365224e-04
3.119105732226449016e-04 2.486732679180576216e-04 3.052029467893508275e-04
2.449018966535165777e-04 3.231281811823840918e-04 4.627349794541679088e-04
2.286066966312109007e-04 2.627323321542915976e-04 2.862937326393699255e-04
2.860344428965327142e-04 2.299109503671582333e-04 3.608452640141200738e-04
3.522837474046085823e-04 2.713166377875293484e-04 2.783704918099710098e-04
2.449494903424399937e-04 5.678456804694578895e-04 3.919750484857144400e-04
2.393277770573080466e-04 3.528154813342947714e-04 4.327249386846846141e-04
3.189243424314116204e-04 2.501389655104216229e-04 4.044744334363317923e-04
1.739578701587670101e-04 2.581408937702337858e-04 2.998130968510511699e-04
2.526275637409709026e-04 2.476429528284013150e-04 3.747890151428699148e-04
3.193806321936916784e-04 2.752322950687990217e-04 3.898770386131233403e-04
3.942612172396098985e-04 3.004874856500167816e-04 3.919061542671759359e-04
2.722532515938506491e-04 3.594040713894761617e-04 4.189836330840257376e-04
3.478897069770224863e-04 3.062821055552952506e-04 4.612601604375520361e-04
2.100002421566323472e-04 3.476224519678589855e-04 5.294133016313472403e-04
3.332519986974681603e-04 3.355755393619293172e-04 3.427527225358426672e-04
3.226339107542604864e-04 4.455386012895418547e-04 4.634924095267881051e-04
2.425191215045516323e-04 3.120869044011676647e-04 3.228308092103309291e-04
2.438925578176153429e-04 4.226033224909717719e-04 3.769416108841166699e-04
3.283077958473545562e-04 2.922150273629050394e-04 4.434892783955312191e-04
2.857063007247172552e-04 2.945211547701090632e-04 3.417364437997311047e-04
3.025812345043946985e-04 3.133053986378828994e-04 3.771162023350201433e-04
2.088068954432242819e-04 2.909902864259479322e-04 3.594063594079329339e-04
2.243671209350114372e-04 2.839215109646575424e-04 3.671324873062430951e-04
2.659636931110060092e-04 2.721062907621127239e-04 2.573451437233737751e-04
4.242244358172907940e-04 3.637473219984725756e-04 4.210961889024260178e-04
2.861308895375401984e-04 2.572034585251358938e-04 3.943080756593272799e-04
2.458052667985734501e-04 4.489132980499124987e-04 3.441017042788792790e-04
2.085231560641120821e-04 2.434329053348028627e-04 3.826610921412498313e-04
2.496029514036567846e-04 2.365307998676055676e-04 4.089490958824707227e-04
2.266228823513851526e-04 2.866247736967640711e-04 5.093540176528516764e-04
2.715298812401951913e-04 3.075978538512874204e-04 3.550728848885787033e-04
2.856645923278639844e-04 4.436999361502513210e-04 3.037319788096608285e-04
2.855250084580492173e-04 3.800858983649187009e-04 2.930487813192119285e-04
3.204276423964820650e-04 3.424428113523909109e-04 3.133002815341492638e-04
2.443453970200845388e-04 2.998009601190487414e-04 4.358395026198620572e-04
3.610749930111817655e-04 2.822457841748866251e-04 3.578111078503447913e-04
3.517674336491356519e-04 2.550301702204607222e-04 3.495264878883014422e-04
2.929695999293350172e-04 3.621871074310198434e-04 3.965305467680237876e-04
3.604637325985035026e-04 3.975164489885030000e-04 4.162647701821977058e-04
2.482448549759575483e-04 5.169782028525908135e-04 4.041965111478776633e-04
5.457122305266018858e-04 2.911852345612749829e-04 4.255718728886934772e-04
2.692986063949434909e-04 3.718957812010056474e-04 3.108036279656915574e-04
4.120143027597779578e-04 2.752931142773159309e-04 3.712469585675640723e-04
3.664098261955727256e-04 3.720059014930079152e-04 3.354517569974387026e-04
1.936272656855902356e-04 3.137695593520394423e-04 3.599318602136166671e-04
2.698555394692485126e-04 3.406145544296248660e-04 4.288681469352705381e-04
3.641242670840327453e-04 3.210405518500938633e-04 3.664140827805643236e-04
2.710733215677670277e-04 3.286626091122313211e-04 2.966221124799604792e-04
2.551437028372341518e-04 3.552371957462729783e-04 3.252393511902825374e-04
3.644685231804647247e-04 2.910021803971472019e-04 3.249857031232531086e-04
3.174146115188853550e-04 3.162635974212812322e-04 3.258245865534428092e-04
2.800869081556203949e-04 4.047851609391358327e-04 3.843541292852066722e-04
2.201459195766768638e-04 2.521589628398548228e-04 3.884775215941129812e-04
3.582775107669567772e-04 2.030157316552289634e-04 2.871203037629060256e-04
3.143988116089724868e-04 2.637901193696588179e-04 3.348656346969806278e-04
2.532601170794853188e-04 2.673155703622290291e-04 3.396702025848219431e-04
2.362398673522052078e-04 2.639582553313910766e-04 5.349619589874880831e-04
2.968694213165204150e-04 3.875872788277764068e-04 4.103025861358148272e-04
2.789899599242323279e-04 3.877034098602563953e-04 4.186501972321043040e-04
2.979525001014612560e-04 3.574161884073599662e-04 4.250041763391886247e-04
3.536556672009021399e-04 3.463574153591368328e-04 3.571958725633284874e-04
3.796572913126936813e-04 3.543265884618831941e-04 3.331234057504330374e-04
2.438089074781344475e-04 3.271802988518428983e-04 3.484079449412190357e-04
3.472360739421736261e-04 2.603470140024949299e-04 3.316268589000822544e-04
3.253661372819971324e-04 2.933110955941739453e-04 4.767847814845480882e-04
3.200964023019757694e-04 3.364268785405004607e-04 4.581137515740082251e-04
2.434162160816393590e-04 3.818024502294049068e-04 3.182257099868542982e-04
2.607926767402648800e-04 3.250582659864264916e-04 3.154745559362092267e-04
3.104344639151544499e-04 3.667797183496203676e-04 3.994661237333611359e-04
2.827236193014044533e-04 3.796066385738769335e-04 3.289695543214303107e-04
2.889681781735839211e-04 2.936059016722392112e-04 4.589510395977866152e-04
3.587288897658629286e-04 2.789229695298439107e-04 5.009275756262496519e-04
3.192415241620321395e-04 3.501576114108471646e-04 3.372641858350353366e-04
2.903151919957777031e-04 2.755241186304415975e-04 5.451157391257437784e-04
3.852366677880972355e-04 2.703503711307030316e-04 3.840879737339414303e-04
2.692025227836678794e-04 3.052060362134917642e-04 4.807099547246240193e-04
3.612085943208165882e-04 3.234128940829314154e-04 3.242327697909877710e-04
2.471488795655536774e-04 4.140499785589092435e-04 3.347833908619800530e-04
2.965123687437832526e-04 3.929158301289731856e-04 3.450058805766391748e-04
2.518928568531403952e-04 2.619943137625141655e-04 3.242853296298117303e-04
2.402965220606671890e-04 4.250477860484825005e-04 2.954610832718455372e-04
2.820619175571882783e-04 2.973051509636803454e-04 3.396238977145876682e-04
2.687197720028460359e-04 3.145457839621138723e-04 3.274972392216780014e-04
3.359982074666766007e-04 3.926183891280525485e-04 3.633593212304989627e-04
2.328545470007502001e-04 3.271186998102391030e-04 4.027162700429043362e-04
3.894863595758406511e-04 3.934521598765393347e-04 3.952726832502007808e-04
5.736634744853722975e-04 3.360104716029588636e-04 4.105182932883938039e-04
2.400566569226258008e-04 3.233952704567699113e-04 4.029154184625468953e-04
2.767815937517896291e-04 3.216570295177901087e-04 3.182991223525205539e-04
2.370359819981372892e-04 4.034573594864671476e-04 3.050742178265719519e-04
2.667443671448590224e-04 3.410060622978376048e-04 3.964949361783383038e-04
4.062725622488882918e-04 4.480517263259534123e-04 4.185884694457207519e-04
2.757488153031123794e-04 2.760587967993713074e-04 3.610255183661381607e-04
2.762598906596230928e-04 2.626998451215059528e-04 2.862051498883678188e-04
2.707497838015133639e-04 3.590756516224589945e-04 3.481836300955930079e-04
2.562277109617912686e-04 2.496674765101075427e-04 3.100789867610385291e-04
3.561345111040982556e-04 2.493894862453934305e-04 3.811130077555878741e-04
2.397436927104931313e-04 4.939612751679106021e-04 3.574449129111903294e-04
4.360060112973611715e-04 2.855047273653470532e-04 4.013037352739289715e-04
2.697925305885804856e-04 3.078516555104416534e-04 3.562143609902838773e-04
2.325649533374640299e-04 4.398024913710988000e-04 3.598734654856076075e-04
3.001558359042979574e-04 3.338367494903128098e-04 2.908094842566579939e-04
2.804223513220751164e-04 3.708263704787531341e-04 3.073748529047046142e-04
2.771549780460913232e-04 2.824512449097537964e-04 3.498036844995264347e-04
2.347009834535719553e-04 2.339296185185892540e-04 3.523253995495942686e-04
2.853220114042210633e-04 2.499305580651802090e-04 2.763175479038097694e-04
2.936603665938036030e-04 2.446087219871194494e-04 3.419605608130188391e-04
2.552333112227779641e-04 2.658615981398673288e-04 3.322424192984254699e-04
4.019010574904818031e-04 3.461602690598474604e-04 3.300912110980735591e-04
2.427279544703193047e-04 2.672095040230350283e-04 3.061042087654719458e-04
2.552436974038063580e-04 2.929454356356955076e-04 3.572291707215228878e-04
3.436773499793655527e-04 3.908842757894638370e-04 3.004812207863663607e-04
4.490003782275852826e-04 3.298116722853092946e-04 3.150475757567977554e-04
3.144250202617753973e-04 3.673294928770408905e-04 6.490587450254193874e-04
2.334747641167797864e-04 3.258196277940190056e-04 5.015984272524563053e-04
3.162748367587561032e-04 4.804628846000205352e-04 3.261412727314462663e-04
3.175999755463504676e-04 3.290231965782875671e-04 3.498138223144593435e-04
2.452588266504334780e-04 3.078100327699412699e-04 3.506926995296744706e-04
2.607594783220504265e-04 4.225115047919273141e-04 3.540824388988548978e-04
2.618859283518449460e-04 2.348630978762012073e-04 3.969803501725831067e-04
2.139997081243988895e-04 4.446944980502852396e-04 3.866360409548129352e-04
3.724784526331926800e-04 3.475747237393975305e-04 3.218505278746097904e-04
3.534277263443494290e-04 2.859199218064671882e-04 3.414167888871878190e-04
3.799388424958847631e-04 4.135329062443714675e-04 4.204854924992459855e-04
3.176563099406743990e-04 3.135387492997839822e-04 3.138528577310216688e-04
2.785412088061545383e-04 5.060283837580529511e-04 3.525629601905492529e-04
2.214116392118991217e-04 2.558667719872340595e-04 3.557392716913528367e-04
3.768898800544357277e-04 3.027046137789568526e-04 3.347882498765864163e-04
2.545496217706790703e-04 2.341262377800315325e-04 3.308514520507190764e-04
2.543835494264307367e-04 3.018940311948685538e-04 3.667366510877612270e-04
2.666183549426225899e-04 2.629030491485583650e-04 3.059886410929173444e-04
2.427840959190595994e-04 3.582614396950675371e-04 3.021218985607130626e-04
2.493242510458006165e-04 3.443132040499733240e-04 4.038428815163992236e-04
3.317090614815836774e-04 3.315988508362621278e-04 4.506183044743866900e-04
2.565176184722764820e-04 2.957410025435518218e-04 2.530072144131839565e-04
3.851303644080393009e-04 3.236848112199597230e-04 4.577442145509469417e-04
3.120317320799494447e-04 3.112852368371678909e-04 4.871999627354933315e-04
2.087530719272869873e-04 2.772594221294170567e-04 3.152454495200762946e-04
2.441038352639349933e-04 2.620381497233613952e-04 3.467858613116258162e-04
2.507904336219958703e-04 3.312323648927699058e-04 3.669121011467318320e-04
2.463028295743028618e-04 2.785531256624615708e-04 5.373048334532583986e-04
3.472758060399815301e-04 2.349589374146285965e-04 3.123143820092232504e-04
3.073222350709430809e-04 2.918472371713495351e-04 3.607686471989191034e-04
3.127068429585321842e-04 2.852708568446494976e-04 4.301540083970871453e-04
2.803903065411829441e-04 4.036779205091835438e-04 3.340274624515593383e-04
2.146297160428500210e-04 3.467474350425768384e-04 3.622556069235505541e-04
4.112070421600176866e-04 3.618555372911452881e-04 4.373503406592418961e-04
2.473197340339719193e-04 2.600649057555557450e-04 3.410933324192060891e-04
3.495360939908825773e-04 3.791153665849172254e-04 4.499301644722872675e-04
2.591653544856404971e-04 2.347008146372375629e-04 3.723901326705944580e-04
2.827042318003448649e-04 2.932082817704507105e-04 3.926863790307092176e-04
2.522188506075886136e-04 3.496208170372581384e-04 4.443896041666294352e-04
2.269925479845483608e-04 2.629756016693944099e-04 2.857754291569830022e-04
2.646151712060743825e-04 3.095415512729341855e-04 3.559623497441635124e-04
2.573397275903372469e-04 3.078481191616977593e-04 2.972333075184436981e-04
2.414300926846326984e-04 4.470751283271300210e-04 4.756859285178269671e-04
2.922216132569075016e-04 3.646708916791474467e-04 3.076013831052638327e-04
2.294027518538362391e-04 3.050202038931346658e-04 3.011135209440158863e-04
3.571007562786061526e-04 2.905354745402510840e-04 3.511564179086028347e-04
3.255320796935825297e-04 5.431702197683457118e-04 3.075980250420975916e-04
4.397692720221458673e-04 3.168023479774405705e-04 3.930398838406216509e-04
2.186738329306005886e-04 3.157020084851447773e-04 4.315354681945446922e-04
2.668524019491998753e-04 3.221643355932499674e-04 3.831598886778391573e-04
2.562845945786706016e-04 3.555815313039878888e-04 3.396854898169479045e-04
4.135403798634613797e-04 2.855252524947948897e-04 2.663592390574160361e-04
3.042242643625915166e-04 2.937475706351799689e-04 3.056085419282818369e-04
3.493381822907495340e-04 4.109638983550324286e-04 3.988865182488805393e-04
3.988469960936136347e-04 2.864387923012054081e-04 4.262282424580207413e-04
2.242649502898498006e-04 2.945668692621381392e-04 3.684272910013154938e-04
2.599072471178816355e-04 4.801843950553571160e-04 3.589680151968777013e-04
2.528377930026079749e-04 2.827361185965775571e-04 3.481883047077126555e-04
3.497456606266195365e-04 2.613387567693025077e-04 4.464792557547476266e-04
2.513713070258901338e-04 2.596591924606984490e-04 2.969076508876202858e-04
2.634765736131567662e-04 2.721178765900545012e-04 3.208682140099273789e-04
2.454003972993715720e-04 2.236444375449343411e-04 3.584170257438545654e-04
4.600634491264719915e-04 2.357742098026365907e-04 3.498326008357962712e-04
2.285129940936932375e-04 2.820435642858896042e-04 4.525333755927891553e-04
2.474360602579375496e-04 2.786325093428877026e-04 3.593102574688608478e-04
3.431621738166542581e-04 3.143831686758480847e-04 3.612029244278708697e-04
2.750260165127755684e-04 3.158278374097419424e-04 4.026580169226909702e-04
2.915654376389922430e-04 3.138995450187791018e-04 3.481390307909872409e-04
2.957815585459228438e-04 2.381753689110303071e-04 3.426841890980627842e-04
3.274897346849071304e-04 2.936498273635670822e-04 3.847539532201397507e-04
2.901137489231488576e-04 3.645754265127874481e-04 2.861211818328631318e-04
2.876617614084430049e-04 3.172780599807135320e-04 3.047545514228382885e-04
2.566491913373800918e-04 2.615519556128619028e-04 3.421542590592884024e-04
2.542628472582278767e-04 4.175908385977926255e-04 3.106908622184807712e-04
2.945815744830193464e-04 3.606334763104309445e-04 3.425135658809327346e-04
2.627421411260766988e-04 2.312934430592030236e-04 2.658882437918337659e-04
3.925009231394103451e-04 2.649332229219061060e-04 3.132952266307873260e-04
2.395352960956979849e-04 2.775151977457188763e-04 3.214945895411839595e-04
3.205667153650489836e-04 3.235995166853288972e-04 3.417902721090531910e-04
3.444395699831390698e-04 2.216956958543593473e-04 3.611797725944318905e-04
2.231762544511147525e-04 3.157719997716506763e-04 3.604429854574197028e-04
2.950794386757237962e-04 3.083317852565368371e-04 3.684921361639545640e-04
1.947929850012240869e-04 3.301729918312715684e-04 3.901044623042967366e-04
2.355373695986717275e-04 3.318823420862335584e-04 3.203941295459878649e-04
2.727838838408382116e-04 2.890733793430836263e-04 3.420745594307689533e-04
3.636332649062930613e-04 3.548046739230491069e-04 2.793149435579721142e-04
3.327646750503488317e-04 3.048241680612928900e-04 3.727898598040173153e-04
2.503772710001525808e-04 3.460361795860523873e-04 3.129242869889335005e-04
2.059106470942231881e-04 2.440008877912490934e-04 3.432133291580652065e-04
2.628986467980791420e-04 3.026920394283641870e-04 2.954167385872946282e-04
2.362486357254456933e-04 3.859864836101222180e-04 3.963790969394872881e-04
4.298090383527645585e-04 3.157087665840851575e-04 3.395492958400592892e-04
2.735684766244643636e-04 4.070064900096153617e-04 2.812828627016897569e-04
3.624538799293865643e-04 3.087898127072749186e-04 3.983180742352761196e-04
2.585342379696430027e-04 2.635070630989532641e-04 3.165121769212746899e-04
3.977973991010025443e-04 4.020636281216546535e-04 3.238820313137534025e-04
2.706994242973452557e-04 2.247443081554227845e-04 3.894970079947434184e-04
2.527218206441731894e-04 3.143378459457955463e-04 3.502667818643230785e-04
4.465499259932428282e-04 3.487293462078747477e-04 4.192241527945926756e-04
3.256377371860852193e-04 3.575679245556332656e-04 3.482877433660643636e-04
3.223571362839643150e-04 3.147700228811305535e-04 3.317216516978306194e-04
2.417731152118733845e-04 3.675598610055597049e-04 3.369882980485397667e-04
2.313884090657383286e-04 3.604661493982378546e-04 2.339823260712575433e-04
2.600995174813764527e-04 2.718586479242495022e-04 2.422725839308103354e-04
3.838979740830488277e-04 3.186575868510299787e-04 3.364893606016110001e-04
3.338773471441722424e-04 4.465475815289129068e-04 3.671360359857771326e-04
2.680508689133520605e-04 4.404094476171715230e-04 3.333555875666496544e-04
2.940717197756924687e-04 3.113120713881570539e-04 3.063532571911556737e-04
2.331296802154321545e-04 2.689723049727434827e-04 3.764026001581964880e-04
2.502440245222932653e-04 3.345588632775781026e-04 5.945653215895653314e-04
2.441823828557002280e-04 3.721070580088640359e-04 4.028688392182324155e-04
2.627387087751718452e-04 3.697167933023746056e-04 3.193660618357345221e-04
3.492192180990347141e-04 2.546628099028626119e-04 3.664771837871950793e-04
2.809598099578803384e-04 3.489386356985499241e-04 2.784684188896162219e-04
2.340143532716621670e-04 2.978876465098986653e-04 6.215121976653318649e-04
2.541137622412801699e-04 3.285980068723552651e-04 5.992509125013663080e-04
3.041232320727435654e-04 3.043196531165915687e-04 3.821582959569924296e-04
3.624653732389680185e-04 3.105269958806224214e-04 4.739934160681902905e-04
3.441983053688796920e-04 2.785571750251301546e-04 3.698622202020360118e-04
2.809928326576406274e-04 2.700203032935410996e-04 3.323064537909556988e-04
2.306787965742209756e-04 3.938293496690076700e-04 3.439363500048677890e-04
3.017918098937968138e-04 3.449800764026055900e-04 4.342749214447466318e-04
2.855016307004819287e-04 3.919705199763855196e-04 5.411503158066812693e-04
3.229844804452647994e-04 2.512955856915889902e-04 4.895602202546848200e-04
2.349053160017363490e-04 3.673841187186625097e-04 3.751987936841749498e-04
2.550159805465127840e-04 3.153027433189536412e-04 3.991552372297274488e-04
2.556511080803120298e-04 2.869351464428679128e-04 3.552525420595016342e-04
2.173365797596379153e-04 3.768466936823754469e-04 4.042619631072168597e-04
3.872717728876984614e-04 2.733207505135930781e-04 4.004873791526853658e-04
2.587293883383011005e-04 3.602694039679214268e-04 3.822799938566739508e-04
2.501870227032207275e-04 4.823453421186544958e-04 3.189445873699259595e-04
3.071336933809090740e-04 3.299219558757701936e-04 4.140739462790538040e-04
2.123852363106262797e-04 2.240099979083135212e-04 3.671739199308856889e-04
2.310541292816655195e-04 2.960813981382071493e-04 6.495916095328475165e-04
2.999181296042944568e-04 3.651645392883689687e-04 2.789306707112568120e-04
2.172056724283404311e-04 3.487275728446021135e-04 4.583018237431249150e-04
2.602869557623968869e-04 4.189513931752811586e-04 3.745623645223677988e-04
5.118116826268671784e-04 2.402110803691505109e-04 4.268547222267440704e-04
3.348466171791565486e-04 2.453825822706784399e-04 4.036729791432655382e-04
1.866515433140567752e-04 3.796049312208543539e-04 4.140026983208551460e-04
2.894758617366964071e-04 2.806968449890971770e-04 3.666034376428795234e-04
3.358553927553543646e-04 2.686649646764173081e-04 2.745268056689829515e-04
2.634427075432314858e-04 3.580317282874704524e-04 3.227703687342870290e-04
3.795609625901866821e-04 2.960649932471741408e-04 4.905074841178350652e-04
3.323916971395248421e-04 2.441349055097779630e-04 3.973745607421020915e-04
2.683270185016678705e-04 4.545128172988283479e-04 3.601298182224055137e-04
2.773127588071350636e-04 5.320664992755382147e-04 4.873781223769142203e-04
2.369935134444875143e-04 2.741493393318458326e-04 3.471113274388112446e-04
3.466945356460365162e-04 3.056589944433759460e-04 4.900407750761944870e-04
3.601040455315521411e-04 3.425615174358296049e-04 3.385638260177319201e-04
3.720196758247021535e-04 3.018497968828770441e-04 2.709969152052698780e-04
3.908265214034875395e-04 3.363339571524641869e-04 3.367183359914594377e-04
3.105863667258297275e-04 2.970793970355505476e-04 4.736135044477665515e-04
3.380839563812645292e-04 3.821203887064173756e-04 2.375168033581166098e-04
2.284367751062339909e-04 2.695184190974778083e-04 3.429076244445230961e-04
2.981953406595046880e-04 3.866233610319259818e-04 5.188688826890065428e-04
2.170502184951673432e-04 3.163760657818798293e-04 3.987573538738496204e-04
2.428941280129617581e-04 4.182051307983326123e-04 3.521293925937507650e-04
3.266875481461969282e-04 2.884930993952240026e-04 4.413049206002769473e-04
2.742302313468478019e-04 3.139852615596973187e-04 3.363690481714929899e-04
2.260772641737909263e-04 2.989736285796856016e-04 3.108608523213455968e-04
2.658121975329465789e-04 3.008517597713498211e-04 4.029843338243114582e-04
3.453564309377601992e-04 2.960608039048123015e-04 3.189457221082326417e-04
2.330793354718571305e-04 3.749176715834148040e-04 4.009523894797814808e-04
3.072941504830361365e-04 2.238746798447495791e-04 3.723614625650179541e-04
4.355339606801757017e-04 3.256076924059133140e-04 3.776132091214383780e-04
4.097172681749102104e-04 5.557902620268403461e-04 4.091794198525759035e-04
3.285966691445108608e-04 3.524583887437337019e-04 3.093966125519651824e-04
3.131661399260310787e-04 4.617624768841555928e-04 3.497961134968437962e-04
2.837167723462276012e-04 2.499084397147286786e-04 3.982701654249164343e-04
2.969517633894958736e-04 2.268204124260674731e-04 3.316953765801297790e-04
2.652873592235921256e-04 4.489078583382205036e-04 4.036736650792333947e-04
3.564088326712297168e-04 2.999463526364787107e-04 4.185947837193045658e-04
3.471229263367891778e-04 2.531458718543149020e-04 5.972361928444489725e-04
2.261780526792456247e-04 2.593098130213406199e-04 3.759928468319501723e-04
2.206073808561712503e-04 2.848931466566724134e-04 2.736548376996140682e-04
2.463217074366127373e-04 3.332569385114265959e-04 4.067792572934327239e-04
2.735933875481490977e-04 2.794184064108357849e-04 4.044717339007502816e-04
2.143544913226663772e-04 3.021810503684827670e-04 3.451005836799859484e-04
2.971596442020674146e-04 2.697299677177294281e-04 5.015481559180399703e-04
2.589963858635845723e-04 4.169222322573653216e-04 4.296570604714226383e-04
2.978363662062404071e-04 2.639721961969102395e-04 3.408045878918511927e-04
3.031955019537538169e-04 2.677327509499441188e-04 3.081791271058913011e-04
3.819890826153255012e-04 2.639048736782268509e-04 3.828987490901626265e-04
2.969940401205172290e-04 3.711314186500517132e-04 3.530656174670755796e-04
3.115458836794730607e-04 2.849872575269514247e-04 3.621833355344988110e-04
6.254034542713134527e-04 2.624503391002658888e-04 2.754469877343958934e-04
