2.063374167964988849e-04 4.442926032606868956e-04 2.953537318734283869e-04
2.638950561724715612e-04 3.180911246402135157e-04 3.947884470184607423e-04
2.116061931538628109e-04 2.330641121471405087e-04 3.231117362080287883e-04
2.725637078758004288e-04 2.771077189458312148e-04 3.704014726916720658e-04
2.749478061070349051e-04 5.552865265244630224e-04 3.339554674929848450e-04
2.509526272106091661e-04 2.612208481920880133e-04 4.054037076053733650e-04
2.623081374111997655e-04 3.339756931600994412e-04 3.074662833154761686e-04
2.287895300807642163e-04 3.743727213702357213e-04 4.262238750510806830e-04
2.232115177073655445e-04 2.693089539924743226e-04 3.619809476000010982e-04
2.526754378996335488e-04 3.345207812578423708e-04 2.139038006723937440e-04
2.516501189306443224e-04 3.190419428457137718e-04 3.859590606154242017e-04
2.374892555136292054e-04 2.917404518515636746e-04 4.491606604350465381e-04
3.290320374408340601e-04 4.117825736444164961e-04 3.631932609473841338e-04
2.715723497422172102e-04 3.157913362687317718e-04 3.603465695353139250e-04
3.639211642359212640e-04 5.079224414477872401e-04 2.974949905388572444e-04
2.001093731693708022e-04 3.010168730961690722e-04 2.830477342522536998e-04
2.642962339932797408e-04 3.124778531964324192e-04 3.319156346536787411e-04
2.277754047791127553e-04 3.726569904787195141e-04 3.796405198244441137e-04
3.433011290087793657e-04 3.547826227534362138e-04 2.599098807939072731e-04
3.295377160582621361e-04 4.188111407846478815e-04 2.916333061304887610e-04
3.679248158915866015e-04 4.175612932048073257e-04 3.318050616140061186e-04
3.076508262049185778e-04 5.114023377417699833e-04 3.002594214306967494e-04
2.976386359657442852e-04 2.750731381174925140e-04 3.560300308972260395e-04
2.788160992495288242e-04 2.353752340897530227e-04 3.236501152397628614e-04
2.590974545925061787e-04 4.183111894791618937e-04 3.636921988897675977e-04
2.652947859889813226e-04 2.939262953368657668e-04 3.262342692407899894e-04
3.596815012177700206e-04 4.449011701598904519e-04 4.278507914702554013e-04
2.786791624582530603e-04 3.596063483831713771e-04 2.538414768344466948e-04
2.491669498213672750e-04 2.992897036605629232e-04 3.726480470185762075e-04
2.076916765297035427e-04 3.050104928022205619e-04 5.014225215346910418e-04
2.682173190299079165e-04 3.290519971918765083e-04 4.250824338055181123e-04
2.828352642486884672e-04 3.771083116698779165e-04 4.495323445899200663e-04
4.405237935989520805e-04 3.209356769664510525e-04 4.174380640442001836e-04
3.825046041314042813e-04 2.834664404612616609e-04 3.176584922503800654e-04
2.290343195055039526e-04 3.024787628864796418e-04 5.566497301881722856e-04
2.501278916612335087e-04 2.907660684440322081e-04 4.891230491047744450e-04
2.779090436777544048e-04 3.358110795326428827e-04 4.890550520788291633e-04
2.481721831597486069e-04 3.115850988134002443e-04 6.685625902453271562e-04
2.376921479600122304e-04 5.334249124899132811e-04 3.591651422677032547e-04
2.817126357157387741e-04 3.548354915688670054e-04 4.167490911768909653e-04
2.873134350734144480e-04 2.533386178805056908e-04 2.743934183738934180e-04
2.385015850793386141e-04 3.509857124212505206e-04 3.029045855046501876e-04
3.044742268692088023e-04 2.621054207484937700e-04 3.590722986690707513e-04
2.952479454475321133e-04 3.586116415697972876e-04 3.787651054452186744e-04
2.338206257256306327e-04 2.397126689691013034e-04 3.668174742786569514e-04
2.485400753007394959e-04 3.180367788142801047e-04 2.961142267323134706e-04
2.673519629832575703e-04 3.136686332179753614e-04 3.147457257211420446e-04
2.360737317474703441e-04 3.891511614756660783e-04 3.865600906394758363e-04
2.490289497885815931e-04 3.352365182095476881e-04 4.324272106427701386e-04
4.237418884234789838e-04 3.213299970957348350e-04 3.391178390730346850e-04
